          ISAJET PARTICLES, M(Y) =     0.000  M(X) =     0.000

     ID    PARTICLE        MASS    CHARGE    ---FLAVOR---    SPIN    INDEX
      1    UP          0.300000      0.67       0   0   0       0        1
     -1    UB          0.300000     -0.67       0   0   0       0        1
      2    DN          0.300000     -0.33       0   0   0       0        2
     -2    DB          0.300000      0.33       0   0   0       0        2
      3    ST          0.500000     -0.33       0   0   0       0        3
     -3    SB          0.500000      0.33       0   0   0       0        3
      4    CH          1.600000      0.67       0   0   0       0        4
     -4    CB          1.600000     -0.67       0   0   0       0        4
      5    BT          5.000000     -0.33       0   0   0       0        5
     -5    BB          5.000000      0.33       0   0   0       0        5
      6    TP        175.000000      0.67       0   0   0       0        6
     -6    TB        175.000000     -0.67       0   0   0       0        6
      7    Y           0.000000     -0.33       0   0   0       0        7
     -7    YB          0.000000      0.33       0   0   0       0        7
      8    X           0.000000      0.67       0   0   0       0        8
     -8    XB          0.000000     -0.67       0   0   0       0        8
      9    GL          0.000000      0.00       0   0   0       0        9
     10    GM          0.000000      0.00       0   0   0       0       10
     11    NUE         0.000000      0.00       0   0   0       0       11
    -11    ANUE        0.000000      0.00       0   0   0       0       11
     12    E-          0.000511     -1.00       0   0   0       0       12
    -12    E+          0.000511      1.00       0   0   0       0       12
     13    NUM         0.000000      0.00       0   0   0       0       13
    -13    ANUM        0.000000      0.00       0   0   0       0       13
     14    MU-         0.105661     -1.00       0   0   0       0       14
    -14    MU+         0.105661      1.00       0   0   0       0       14
     15    NUT         0.000000      0.00       0   0   0       0       15
    -15    ANUT        0.000000      0.00       0   0   0       0       15
     16    TAU-        1.777000     -1.00       0   0   0       0       16
    -16    TAU+        1.777000      1.00       0   0   0       0       16
     20    KS          0.497670      0.00       0   0   0       0       20
    -20    KL          0.497670      0.00       0   0   0       0       21
     21    UPL         0.000000      0.67       0   0   0       0       22
    -21    UBL         0.000000     -0.67       0   0   0       0       22
     22    DNL         0.000000     -0.33       0   0   0       0       23
    -22    DBL         0.000000      0.33       0   0   0       0       23
     23    STL         0.000000     -0.33       0   0   0       0       24
    -23    SBL         0.000000      0.33       0   0   0       0       24
     24    CHL         0.000000      0.67       0   0   0       0       25
    -24    CBL         0.000000     -0.67       0   0   0       0       25
     25    BT1         0.000000     -0.33       0   0   0       0       26
    -25    BB1         0.000000      0.33       0   0   0       0       26
     26    TP1         0.000000      0.67       0   0   0       0       27
    -26    TB1         0.000000     -0.67       0   0   0       0       27
     29    GLSS        0.000000      0.00       0   0   0       0       30
     30    Z1SS        0.000000      0.00       0   0   0       0       31
     31    NUEL        0.000000      0.00       0   0   0       0       32
    -31    ANUEL       0.000000      0.00       0   0   0       0       32
     32    EL-         0.000000     -1.00       0   0   0       0       33
    -32    EL+         0.000000      1.00       0   0   0       0       33
     33    NUML        0.000000      0.00       0   0   0       0       34
    -33    ANUML       0.000000      0.00       0   0   0       0       34
     34    MUL-        0.000000     -1.00       0   0   0       0       35
    -34    MUL+        0.000000      1.00       0   0   0       0       35
     35    NUTL        0.000000      0.00       0   0   0       0       36
    -35    ANUTL       0.000000      0.00       0   0   0       0       36
     36    TAU1-       0.000000     -1.00       0   0   0       0       37
    -36    TAU1+       0.000000      1.00       0   0   0       0       37
     39    W1SS+       0.000000      1.00       0   0   0       0       40
    -39    W1SS-       0.000000     -1.00       0   0   0       0       40
     40    Z2SS        0.000000      0.00       0   0   0       0       41
     41    UPR         0.000000      0.67       0   0   0       0       42
    -41    UBR         0.000000     -0.67       0   0   0       0       42
     42    DNR         0.000000     -0.33       0   0   0       0       43
    -42    DBR         0.000000      0.33       0   0   0       0       43
     43    STR         0.000000     -0.33       0   0   0       0       44
    -43    SBR         0.000000      0.33       0   0   0       0       44
     44    CHR         0.000000      0.67       0   0   0       0       45
    -44    CBR         0.000000     -0.67       0   0   0       0       45
     45    BT2         0.000000     -0.33       0   0   0       0       46
    -45    BB2         0.000000      0.33       0   0   0       0       46
     46    TP2         0.000000      0.67       0   0   0       0       47
    -46    TB2         0.000000     -0.67       0   0   0       0       47
     49    W2SS+       0.000000      1.00       0   0   0       0       50
    -49    W2SS-       0.000000     -1.00       0   0   0       0       50
     50    Z3SS        0.000000      0.00       0   0   0       0       51
     51    NUER        0.000000      0.00       0   0   0       0       52
    -51    ANUER       0.000000      0.00       0   0   0       0       52
     52    ER-         0.000000     -1.00       0   0   0       0       53
    -52    ER+         0.000000      1.00       0   0   0       0       53
     53    NUMR        0.000000      0.00       0   0   0       0       54
    -53    ANUMR       0.000000      0.00       0   0   0       0       54
     54    MUR-        0.000000     -1.00       0   0   0       0       55
    -54    MUR+        0.000000      1.00       0   0   0       0       55
     55    NUTR        0.000000      0.00       0   0   0       0       56
    -55    ANUTR       0.000000      0.00       0   0   0       0       56
     56    TAU2-       0.000000     -1.00       0   0   0       0       57
    -56    TAU2+       0.000000      1.00       0   0   0       0       57
     60    Z4SS        0.000000      0.00       0   0   0       0       61
     80    W+         80.199997      1.00       0   0   0       0       62
    -80    W-         80.199997     -1.00       0   0   0       0       62
     81    HIGGS      -1.000000      0.00       0   0   0       0       63
     82    HL0         0.000000      0.00       0   0   0       0       64
     83    HH0         0.000000      0.00       0   0   0       0       65
     84    HA0         0.000000      0.00       0   0   0       0       66
     85    H40         0.000000      0.00       0   0   0       0       67
    -85    AH40        0.000000      0.00       0   0   0       0       67
     86    H+          0.000000      1.00       0   0   0       0       68
    -86    H-          0.000000     -1.00       0   0   0       0       68
     87    H2+         0.000000      1.00       0   0   0       0       69
    -87    H2-         0.000000     -1.00       0   0   0       0       69
     88    H1++        0.000000      2.00       0   0   0       0       70
    -88    H1--        0.000000     -2.00       0   0   0       0       70
     89    H2++        0.000000      2.00       0   0   0       0       71
    -89    H2--        0.000000     -2.00       0   0   0       0       71
     90    Z0         91.190002      0.00       0   0   0       0       72
     91    GVSS        0.000000      0.00       0   0   0       0       73
     92    GRAV        0.000000      0.00       0   0   0       0       74
    110    PI0         0.134960      0.00       0   1  -1       0       75
    111    RHO0        0.768100      0.00       0   1  -1       1      111
    112    F2          1.275000      0.00       0   1  -1       2      410
    120    PI+         0.139570      1.00       0   1  -2       0       76
   -120    PI-         0.139570     -1.00       0  -1   2       0       76
    121    RHO+        0.768100      1.00       0   1  -2       1      112
   -121    RHO-        0.768100     -1.00       0  -1   2       1      112
    130    K+          0.493670      1.00       0   1  -3       0       78
   -130    K-          0.493670     -1.00       0  -1   3       0       78
    131    K*+         0.891590      1.00       0   1  -3       1      114
   -131    K*-         0.891590     -1.00       0  -1   3       1      114
    132    K2*+        1.425400      1.00       0   1  -3       2      407
   -132    K2*-        1.425400     -1.00       0  -1   3       2      407
    140    AD0         1.864500      0.00       0   1  -4       0       81
   -140    D0          1.864500      0.00       0  -1   4       0       81
    141    AD*0        2.007100      0.00       0   1  -4       1      117
   -141    D*0         2.007100      0.00       0  -1   4       1      117
    150    B+          5.278600      1.00       0   1  -5       0       85
   -150    B-          5.278600     -1.00       0  -1   5       0       85
    151    B*+         5.324600      1.00       0   1  -5       1      121
   -151    B*-         5.324600     -1.00       0  -1   5       1      121
    160    UT.       175.270004      0.00       0   1  -6       0       90
   -160    TU.       175.270004      0.00       0  -1   6       0       90
    161    UT*       175.309998      0.00       0   1  -6       1      126
   -161    TU*       175.309998      0.00       0  -1   6       1      126
    170    UY.         0.270000      1.00       0   1  -7       0       96
   -170    YU.         0.270000     -1.00       0  -1   7       0       96
    171    UY*         0.310000      1.00       0   1  -7       1      132
   -171    YU*         0.310000     -1.00       0  -1   7       1      132
    180    UX.         0.270000      0.00       0   1  -8       0      103
   -180    XU.         0.270000      0.00       0  -1   8       0      103
    181    UX*         0.310000      0.00       0   1  -8       1      139
   -181    XU*         0.310000      0.00       0  -1   8       1      139
    220    ETA         0.547450      0.00       0   2  -2       0       77
    221    OMEG        0.781950      0.00       0   2  -2       1      113
    230    K0          0.497670      0.00       0   2  -3       0       79
   -230    AK0         0.497670      0.00       0  -2   3       0       79
    231    K*0         0.896100      0.00       0   2  -3       1      115
   -231    AK*0        0.896100      0.00       0  -2   3       1      115
    232    K2*0        1.432400      0.00       0   2  -3       2      408
   -232    AK2*0       1.432400      0.00       0  -2   3       2      408
    240    D-          1.869300     -1.00       0   2  -4       0       82
   -240    D+          1.869300      1.00       0  -2   4       0       82
    241    D*-         2.010100     -1.00       0   2  -4       1      118
   -241    D*+         2.010100      1.00       0  -2   4       1      118
    250    B0          5.278600      0.00       0   2  -5       0       86
   -250    AB0         5.278600      0.00       0  -2   5       0       86
    251    B*0         5.324600      0.00       0   2  -5       1      122
   -251    AB0*        5.324600      0.00       0  -2   5       1      122
    260    DT.       175.270004     -1.00       0   2  -6       0       91
   -260    TD.       175.270004      1.00       0  -2   6       0       91
    261    DT*       175.309998     -1.00       0   2  -6       1      127
   -261    TD*       175.309998      1.00       0  -2   6       1      127
    270    DY.         0.270000      0.00       0   2  -7       0       97
   -270    YD.         0.270000      0.00       0  -2   7       0       97
    271    DY*         0.310000      0.00       0   2  -7       1      133
   -271    YD*         0.310000      0.00       0  -2   7       1      133
    280    DX.         0.270000     -1.00       0   2  -8       0      104
   -280    XD.         0.270000      1.00       0  -2   8       0      104
    281    DX*         0.310000     -1.00       0   2  -8       1      140
   -281    XD*         0.310000      1.00       0  -2   8       1      140
    330    ETAP        0.957750      0.00       0   3  -3       0       80
    331    PHI         1.019400      0.00       0   3  -3       1      116
    340    DS-         1.968800     -1.00       0   3  -4       0       83
   -340    DS+         1.968800      1.00       0  -3   4       0       83
    341    DS*-        2.110300     -1.00       0   3  -4       1      119
   -341    DS*+        2.110300      1.00       0  -3   4       1      119
    350    BS          5.369300      0.00       0   3  -5       0       87
   -350    ABS         5.369300      0.00       0  -3   5       0       87
    351    BS*         5.409300      0.00       0   3  -5       1      123
   -351    ABS*        5.409300      0.00       0  -3   5       1      123
    360    ST.       175.470001     -1.00       0   3  -6       0       92
   -360    TS.       175.470001      1.00       0  -3   6       0       92
    361    ST*       175.509995     -1.00       0   3  -6       1      128
   -361    TS*       175.509995      1.00       0  -3   6       1      128
    370    SY.         0.470000      0.00       0   3  -7       0       98
   -370    YS.         0.470000      0.00       0  -3   7       0       98
    371    SY*         0.510000      0.00       0   3  -7       1      134
   -371    YS*         0.510000      0.00       0  -3   7       1      134
    380    SX.         0.470000     -1.00       0   3  -8       0      105
   -380    XS.         0.470000      1.00       0  -3   8       0      105
    381    SX*         0.510000     -1.00       0   3  -8       1      141
   -381    XS*         0.510000      1.00       0  -3   8       1      141
    440    ETAC        2.978800      0.00       0   4  -4       0       84
    441    JPSI        3.096900      0.00       0   4  -4       1      120
    450    BC          6.570000      1.00       0   4  -5       0       88
   -450    ABC         6.570000     -1.00       0  -4   5       0       88
    451    BC*         6.610000      1.00       0   4  -5       1      124
   -451    ABC*        6.610000     -1.00       0  -4   5       1      124
    460    CT.       176.570007      0.00       0   4  -6       0       93
   -460    TC.       176.570007      0.00       0  -4   6       0       93
    461    CT*       176.610001      0.00       0   4  -6       1      129
   -461    TC*       176.610001      0.00       0  -4   6       1      129
    470    CY.         1.570000      1.00       0   4  -7       0       99
   -470    YC.         1.570000     -1.00       0  -4   7       0       99
    471    CY*         1.610000      1.00       0   4  -7       1      135
   -471    YC*         1.610000     -1.00       0  -4   7       1      135
    480    CX.         1.570000      0.00       0   4  -8       0      106
   -480    XC.         1.570000      0.00       0  -4   8       0      106
    481    CX*         1.610000      0.00       0   4  -8       1      142
   -481    XC*         1.610000      0.00       0  -4   8       1      142
    550    ETAB        9.970000      0.00       0   5  -5       0       89
    551    UPSL       10.010000      0.00       0   5  -5       1      125
    560    BT.       179.970001     -1.00       0   5  -6       0       94
   -560    TB.       179.970001      1.00       0  -5   6       0       94
    561    BT*       180.009995     -1.00       0   5  -6       1      130
   -561    TB*       180.009995      1.00       0  -5   6       1      130
    570    BY.         4.970000      0.00       0   5  -7       0      100
   -570    YB.         4.970000      0.00       0  -5   7       0      100
    571    BY*         5.010000      0.00       0   5  -7       1      136
   -571    YB*         5.010000      0.00       0  -5   7       1      136
    580    BX.         4.970000     -1.00       0   5  -8       0      107
   -580    XB.         4.970000      1.00       0  -5   8       0      107
    581    BX*         5.010000     -1.00       0   5  -8       1      143
   -581    XB*         5.010000      1.00       0  -5   8       1      143
    660    TT.       349.970001      0.00       0   6  -6       0       95
    661    TT*       350.010010      0.00       0   6  -6       1      131
    670    TY.       174.970001      1.00       0   6  -7       0      101
   -670    YT.       174.970001     -1.00       0  -6   7       0      101
    671    TY*       175.009995      1.00       0   6  -7       1      137
   -671    YT*       175.009995     -1.00       0  -6   7       1      137
    680    TX.       174.970001      0.00       0   6  -8       0      108
   -680    XT.       174.970001      0.00       0  -6   8       0      108
    681    TX*       175.009995      0.00       0   6  -8       1      144
   -681    XT*       175.009995      0.00       0  -6   8       1      144
    770    YY.        -0.030000      0.00       0   7  -7       0      102
    771    YY*         0.010000      0.00       0   7  -7       1      138
    780    YX.        -0.030000     -1.00       0   7  -8       0      109
   -780    XY.        -0.030000      1.00       0  -7   8       0      109
    781    YX*         0.010000     -1.00       0   7  -8       1      145
   -781    XY*         0.010000      1.00       0  -7   8       1      145
    880    XX.        -0.030000      0.00       0   8  -8       0      110
    881    XX*         0.010000      0.00       0   8  -8       1      146
   1100    UU0.        0.600000      1.33       1   1   0       0      365
  -1100    AUU0.       0.600000     -1.33      -1  -1   0       0      365
   1111    DL++        1.232000      2.00       1   1   1       1      256
  -1111    ADL--       1.232000     -2.00      -1  -1  -1       1      256
   1120    P           0.938280      1.00       1   1   2       0      148
  -1120    AP          0.938280     -1.00      -1  -1  -2       0      148
   1121    DL+         1.232000      1.00       1   1   2       1      257
  -1121    ADL-        1.232000     -1.00      -1  -1  -2       1      257
   1130    S+          1.189400      1.00       1   1   3       0      152
  -1130    AS-         1.189400     -1.00      -1  -1  -3       0      152
   1131    S*+         1.382300      1.00       1   1   3       1      261
  -1131    AS*-        1.382300     -1.00      -1  -1  -3       1      261
   1140    SC++        2.452700      2.00       1   1   4       0      161
  -1140    ASC--       2.452700     -2.00      -1  -1  -4       0      161
   1141    UUC*        2.630000      2.00       1   1   4       1      270
  -1141    AUUC*       2.630000     -2.00      -1  -1  -4       1      270
   1150    UUB.        5.812000      1.00       1   1   5       0      177
  -1150    AUUB.       5.812000     -1.00      -1  -1  -5       0      177
   1151    UUB*        5.852000      1.00       1   1   5       1      286
  -1151    AUUB*       5.852000     -1.00      -1  -1  -5       1      286
   1160    UUT.      175.570007      2.00       1   1   6       0      202
  -1160    AUUT.     175.570007     -2.00      -1  -1  -6       0      202
   1161    UUT*      175.610001      2.00       1   1   6       1      311
  -1161    AUUT*     175.610001     -2.00      -1  -1  -6       1      311
   1170    UUY.        0.570000      1.00       1   1   7       0      238
  -1170    AUUY.       0.570000     -1.00      -1  -1  -7       0      238
   1171    UUY*        0.610000      1.00       1   1   7       1      347
  -1171    AUUY*       0.610000     -1.00      -1  -1  -7       1      347
   1180    UUX.        0.570000      2.00       1   1   8       0      247
  -1180    AUUX.       0.570000     -2.00      -1  -1  -8       0      247
   1181    UUX*        0.610000      2.00       1   1   8       1      356
  -1181    AUUX*       0.610000     -2.00      -1  -1  -8       1      356
   1200    UD0.        0.600000      0.33       1   2   0       0      366
  -1200    AUD0.       0.600000     -0.33      -1  -2   0       0      366
   1220    N           0.939570      0.00       1   2   2       0      149
  -1220    AN          0.939570      0.00      -1  -2  -2       0      149
   1221    DL0         1.232000      0.00       1   2   2       1      258
  -1221    ADL0        1.232000      0.00      -1  -2  -2       1      258
   1230    S0          1.192500      0.00       1   2   3       0      153
  -1230    AS0         1.192500      0.00      -1  -2  -3       0      153
   1231    S*0         1.382000      0.00       1   2   3       1      262
  -1231    AS*0        1.382000      0.00      -1  -2  -3       1      262
   1240    SC+         2.452900      1.00       1   2   4       0      162
  -1240    ASC-        2.452900     -1.00      -1  -2  -4       0      162
   1241    UDC*        2.630000      1.00       1   2   4       1      271
  -1241    AUDC*       2.630000     -1.00      -1  -2  -4       1      271
   1250    UDB.        5.812000      0.00       1   2   5       0      178
  -1250    AUDB.       5.812000      0.00      -1  -2  -5       0      178
   1251    UDB*        5.852000      0.00       1   2   5       1      287
  -1251    AUDB*       5.852000      0.00      -1  -2  -5       1      287
   1260    UDT.      175.570007      1.00       1   2   6       0      203
  -1260    AUDT.     175.570007     -1.00      -1  -2  -6       0      203
   1261    UDT*      175.610001      1.00       1   2   6       1      312
  -1261    AUDT*     175.610001     -1.00      -1  -2  -6       1      312
   1270    UDY.        0.570000      0.00       1   2   7       0      239
  -1270    AUDY.       0.570000      0.00      -1  -2  -7       0      239
   1271    UDY*        0.610000      0.00       1   2   7       1      348
  -1271    AUDY*       0.610000      0.00      -1  -2  -7       1      348
   1280    UDX.        0.570000      1.00       1   2   8       0      248
  -1280    AUDX.       0.570000     -1.00      -1  -2  -8       0      248
   1281    UDX*        0.610000      1.00       1   2   8       1      357
  -1281    AUDX*       0.610000     -1.00      -1  -2  -8       1      357
   1300    US0.        0.800000      0.33       1   3   0       0      368
  -1300    AUS0.       0.800000     -0.33      -1  -3   0       0      368
   1330    XI0         1.314900      0.00       1   3   3       0      156
  -1330    AXI0        1.314900      0.00      -1  -3  -3       0      156
   1331    XI*0        1.531800      0.00       1   3   3       1      265
  -1331    AXI*0       1.531800      0.00      -1  -3  -3       1      265
   1340    USC.        2.500000      1.00       1   3   4       0      165
  -1340    AUSC.       2.500000     -1.00      -1  -3  -4       0      165
   1341    USC*        2.700000      1.00       1   3   4       1      274
  -1341    AUSC*       2.700000     -1.00      -1  -3  -4       1      274
   1350    USB.        5.770000      0.00       1   3   5       0      181
  -1350    AUSB.       5.770000      0.00      -1  -3  -5       0      181
   1351    USB*        5.810000      0.00       1   3   5       1      290
  -1351    AUSB*       5.810000      0.00      -1  -3  -5       1      290
   1360    UST.      175.770004      1.00       1   3   6       0      206
  -1360    AUST.     175.770004     -1.00      -1  -3  -6       0      206
   1361    UST*      175.809998      1.00       1   3   6       1      315
  -1361    AUST*     175.809998     -1.00      -1  -3  -6       1      315
   1370    USY.        0.770000      0.00       1   3   7       0      242
  -1370    AUSY.       0.770000      0.00      -1  -3  -7       0      242
   1371    USY*        0.810000      0.00       1   3   7       1      351
  -1371    AUSY*       0.810000      0.00      -1  -3  -7       1      351
   1380    USX.        0.770000      1.00       1   3   8       0      251
  -1380    AUSX.       0.770000     -1.00      -1  -3  -8       0      251
   1381    USX*        0.810000      1.00       1   3   8       1      360
  -1381    AUSX*       0.810000     -1.00      -1  -3  -8       1      360
   1400    UC0.        1.900000      1.33       1   4   0       0      371
  -1400    AUC0.       1.900000     -1.33      -1  -4   0       0      371
   1440    UCC.        3.550000      2.00       1   4   4       0      170
  -1440    AUCC.       3.550000     -2.00      -1  -4  -4       0      170
   1441    UCC*        3.750000      2.00       1   4   4       1      279
  -1441    AUCC*       3.750000     -2.00      -1  -4  -4       1      279
   1450    UCB.        6.870000      1.00       1   4   5       0      186
  -1450    AUCB.       6.870000     -1.00      -1  -4  -5       0      186
   1451    UCB*        6.910000      1.00       1   4   5       1      295
  -1451    AUCB*       6.910000     -1.00      -1  -4  -5       1      295
   1460    UCT.      176.870010      2.00       1   4   6       0      211
  -1460    AUCT.     176.870010     -2.00      -1  -4  -6       0      211
   1461    UCT*      176.910004      2.00       1   4   6       1      320
  -1461    AUCT*     176.910004     -2.00      -1  -4  -6       1      320
   1500    UB0.        5.300000      0.33       1   5   0       0      375
  -1500    AUB0.       5.300000     -0.33      -1  -5   0       0      375
   1550    UBB.       10.270000      0.00       1   5   5       0      193
  -1550    AUBB.      10.270000      0.00      -1  -5  -5       0      193
   1551    UBB*       10.310000      0.00       1   5   5       1      302
  -1551    AUBB*      10.310000      0.00      -1  -5  -5       1      302
   1560    UBT.      180.270004      1.00       1   5   6       0      218
  -1560    AUBT.     180.270004     -1.00      -1  -5  -6       0      218
   1561    UBT*      180.309998      1.00       1   5   6       1      327
  -1561    AUBT*     180.309998     -1.00      -1  -5  -6       1      327
   1600    UT0.      175.300003      1.33       1   6   0       0      380
  -1600    AUT0.     175.300003     -1.33      -1  -6   0       0      380
   1660    UTT.      350.269989      2.00       1   6   6       0      227
  -1660    AUTT.     350.269989     -2.00      -1  -6  -6       0      227
   1661    UTT*      350.309998      2.00       1   6   6       1      336
  -1661    AUTT*     350.309998     -2.00      -1  -6  -6       1      336
   2130    L           1.115600      0.00       2   1   3       0      155
  -2130    AL          1.115600      0.00      -2  -1  -3       0      155
   2140    LC+         2.284900      1.00       2   1   4       0      164
  -2140    ALC-        2.284900     -1.00      -2  -1  -4       0      164
   2150    DUB.        5.641000      0.00       2   1   5       0      180
  -2150    ADUB.       5.641000      0.00      -2  -1  -5       0      180
   2160    DUT.      175.570007      1.00       2   1   6       0      205
  -2160    ADUT.     175.570007     -1.00      -2  -1  -6       0      205
   2170    DUY.        0.570000      0.00       2   1   7       0      241
  -2170    ADUY.       0.570000      0.00      -2  -1  -7       0      241
   2180    DUX.        0.570000      1.00       2   1   8       0      250
  -2180    ADUX.       0.570000     -1.00      -2  -1  -8       0      250
   2200    DD0.        0.600000     -0.67       2   2   0       0      367
  -2200    ADD0.       0.600000      0.67      -2  -2   0       0      367
   2221    DL-         1.232000     -1.00       2   2   2       1      259
  -2221    ADL+        1.232000      1.00      -2  -2  -2       1      259
   2230    S-          1.197400     -1.00       2   2   3       0      154
  -2230    AS+         1.197400      1.00      -2  -2  -3       0      154
   2231    S*-         1.387500     -1.00       2   2   3       1      263
  -2231    AS*+        1.387500      1.00      -2  -2  -3       1      263
   2240    SC0         2.452500      0.00       2   2   4       0      163
  -2240    ASC0        2.452500      0.00      -2  -2  -4       0      163
   2241    DDC*        2.630000      0.00       2   2   4       1      272
  -2241    ADDC*       2.630000      0.00      -2  -2  -4       1      272
   2250    DDB.        5.812000     -1.00       2   2   5       0      179
  -2250    ADDB.       5.812000      1.00      -2  -2  -5       0      179
   2251    DDB*        5.852000     -1.00       2   2   5       1      288
  -2251    ADDB*       5.852000      1.00      -2  -2  -5       1      288
   2260    DDT.      175.570007      0.00       2   2   6       0      204
  -2260    ADDT.     175.570007      0.00      -2  -2  -6       0      204
   2261    DDT*      175.610001      0.00       2   2   6       1      313
  -2261    ADDT*     175.610001      0.00      -2  -2  -6       1      313
   2270    DDY.        0.570000     -1.00       2   2   7       0      240
  -2270    ADDY.       0.570000      1.00      -2  -2  -7       0      240
   2271    DDY*        0.610000     -1.00       2   2   7       1      349
  -2271    ADDY*       0.610000      1.00      -2  -2  -7       1      349
   2280    DDX.        0.570000      0.00       2   2   8       0      249
  -2280    ADDX.       0.570000      0.00      -2  -2  -8       0      249
   2281    DDX*        0.610000      0.00       2   2   8       1      358
  -2281    ADDX*       0.610000      0.00      -2  -2  -8       1      358
   2300    DS0.        0.800000     -0.67       2   3   0       0      369
  -2300    ADS0.       0.800000      0.67      -2  -3   0       0      369
   2330    XI-         1.321300     -1.00       2   3   3       0      157
  -2330    AXI+        1.321300      1.00      -2  -3  -3       0      157
   2331    XI*-        1.535000     -1.00       2   3   3       1      266
  -2331    AXI*+       1.535000      1.00      -2  -3  -3       1      266
   2340    DSC.        2.500000      0.00       2   3   4       0      166
  -2340    ADSC.       2.500000      0.00      -2  -3  -4       0      166
   2341    DSC*        2.700000      0.00       2   3   4       1      275
  -2341    ADSC*       2.700000      0.00      -2  -3  -4       1      275
   2350    DSB.        5.770000     -1.00       2   3   5       0      182
  -2350    ADSB.       5.770000      1.00      -2  -3  -5       0      182
   2351    DSB*        5.810000     -1.00       2   3   5       1      291
  -2351    ADSB*       5.810000      1.00      -2  -3  -5       1      291
   2360    DST.      175.770004      0.00       2   3   6       0      207
  -2360    ADST.     175.770004      0.00      -2  -3  -6       0      207
   2361    DST*      175.809998      0.00       2   3   6       1      316
  -2361    ADST*     175.809998      0.00      -2  -3  -6       1      316
   2370    DSY.        0.770000     -1.00       2   3   7       0      243
  -2370    ADSY.       0.770000      1.00      -2  -3  -7       0      243
   2371    DSY*        0.810000     -1.00       2   3   7       1      352
  -2371    ADSY*       0.810000      1.00      -2  -3  -7       1      352
   2380    DSX.        0.770000      0.00       2   3   8       0      252
  -2380    ADSX.       0.770000      0.00      -2  -3  -8       0      252
   2381    DSX*        0.810000      0.00       2   3   8       1      361
  -2381    ADSX*       0.810000      0.00      -2  -3  -8       1      361
   2400    DC0.        1.900000      0.33       2   4   0       0      372
  -2400    ADC0.       1.900000     -0.33      -2  -4   0       0      372
   2440    DCC.        3.550000      1.00       2   4   4       0      171
  -2440    ADCC.       3.550000     -1.00      -2  -4  -4       0      171
   2441    DCC*        3.750000      1.00       2   4   4       1      280
  -2441    ADCC*       3.750000     -1.00      -2  -4  -4       1      280
   2450    DCB.        6.870000      0.00       2   4   5       0      187
  -2450    ADCB.       6.870000      0.00      -2  -4  -5       0      187
   2451    DCB*        6.910000      0.00       2   4   5       1      296
  -2451    ADCB*       6.910000      0.00      -2  -4  -5       1      296
   2460    DCT.      176.870010      1.00       2   4   6       0      212
  -2460    ADCT.     176.870010     -1.00      -2  -4  -6       0      212
   2461    DCT*      176.910004      1.00       2   4   6       1      321
  -2461    ADCT*     176.910004     -1.00      -2  -4  -6       1      321
   2500    DB0.        5.300000     -0.67       2   5   0       0      376
  -2500    ADB0.       5.300000      0.67      -2  -5   0       0      376
   2550    DBB.       10.270000     -1.00       2   5   5       0      194
  -2550    ADBB.      10.270000      1.00      -2  -5  -5       0      194
   2551    DBB*       10.310000     -1.00       2   5   5       1      303
  -2551    ADBB*      10.310000      1.00      -2  -5  -5       1      303
   2560    DBT.      180.270004      0.00       2   5   6       0      219
  -2560    ADBT.     180.270004      0.00      -2  -5  -6       0      219
   2561    DBT*      180.309998      0.00       2   5   6       1      328
  -2561    ADBT*     180.309998      0.00      -2  -5  -6       1      328
   2600    DT0.      175.300003      0.33       2   6   0       0      381
  -2600    ADT0.     175.300003     -0.33      -2  -6   0       0      381
   2660    DTT.      350.269989      1.00       2   6   6       0      228
  -2660    ADTT.     350.269989     -1.00      -2  -6  -6       0      228
   2661    DTT*      350.309998      1.00       2   6   6       1      337
  -2661    ADTT*     350.309998     -1.00      -2  -6  -6       1      337
   3140    SUC.        2.400000      1.00       3   1   4       0      169
  -3140    ASUC.       2.400000     -1.00      -3  -1  -4       0      169
   3150    SUB.        5.770000      0.00       3   1   5       0      185
  -3150    ASUB.       5.770000      0.00      -3  -1  -5       0      185
   3160    SUT.      175.770004      1.00       3   1   6       0      210
  -3160    ASUT.     175.770004     -1.00      -3  -1  -6       0      210
   3170    SUY.        0.770000      0.00       3   1   7       0      246
  -3170    ASUY.       0.770000      0.00      -3  -1  -7       0      246
   3180    SUX.        0.770000      1.00       3   1   8       0      255
  -3180    ASUX.       0.770000     -1.00      -3  -1  -8       0      255
   3240    SDC.        2.400000      0.00       3   2   4       0      168
  -3240    ASDC.       2.400000      0.00      -3  -2  -4       0      168
   3250    SDB.        5.770000     -1.00       3   2   5       0      184
  -3250    ASDB.       5.770000      1.00      -3  -2  -5       0      184
   3260    SDT.      175.770004      0.00       3   2   6       0      209
  -3260    ASDT.     175.770004      0.00      -3  -2  -6       0      209
   3270    SDY.        0.770000     -1.00       3   2   7       0      245
  -3270    ASDY.       0.770000      1.00      -3  -2  -7       0      245
   3280    SDX.        0.770000      0.00       3   2   8       0      254
  -3280    ASDX.       0.770000      0.00      -3  -2  -8       0      254
   3300    SS0.        1.000000     -0.67       3   3   0       0      370
  -3300    ASS0.       1.000000      0.67      -3  -3   0       0      370
   3331    OM-         1.672200     -1.00       3   3   3       1      267
  -3331    AOM+        1.672200      1.00      -3  -3  -3       1      267
   3340    SSC.        2.600000      0.00       3   3   4       0      167
  -3340    ASSC.       2.600000      0.00      -3  -3  -4       0      167
   3341    SSC*        2.800000      0.00       3   3   4       1      276
  -3341    ASSC*       2.800000      0.00      -3  -3  -4       1      276
   3350    SSB.        5.970000     -1.00       3   3   5       0      183
  -3350    ASSB.       5.970000      1.00      -3  -3  -5       0      183
   3351    SSB*        6.010000     -1.00       3   3   5       1      292
  -3351    ASSB*       6.010000      1.00      -3  -3  -5       1      292
   3360    SST.      175.970001      0.00       3   3   6       0      208
  -3360    ASST.     175.970001      0.00      -3  -3  -6       0      208
   3361    SST*      176.009995      0.00       3   3   6       1      317
  -3361    ASST*     176.009995      0.00      -3  -3  -6       1      317
   3370    SSY.        0.970000     -1.00       3   3   7       0      244
  -3370    ASSY.       0.970000      1.00      -3  -3  -7       0      244
   3371    SSY*        1.010000     -1.00       3   3   7       1      353
  -3371    ASSY*       1.010000      1.00      -3  -3  -7       1      353
   3380    SSX.        0.970000      0.00       3   3   8       0      253
  -3380    ASSX.       0.970000      0.00      -3  -3  -8       0      253
   3381    SSX*        1.010000      0.00       3   3   8       1      362
  -3381    ASSX*       1.010000      0.00      -3  -3  -8       1      362
   3400    SC0.        2.100000      0.33       3   4   0       0      373
  -3400    ASC0.       2.100000     -0.33      -3  -4   0       0      373
   3440    SCC.        3.700000      1.00       3   4   4       0      172
  -3440    ASCC.       3.700000     -1.00      -3  -4  -4       0      172
   3441    SCC*        3.900000      1.00       3   4   4       1      281
  -3441    ASCC*       3.900000     -1.00      -3  -4  -4       1      281
   3450    SCB.        7.070000      0.00       3   4   5       0      188
  -3450    ASCB.       7.070000      0.00      -3  -4  -5       0      188
   3451    SCB*        7.110000      0.00       3   4   5       1      297
  -3451    ASCB*       7.110000      0.00      -3  -4  -5       1      297
   3460    SCT.      177.070007      1.00       3   4   6       0      213
  -3460    ASCT.     177.070007     -1.00      -3  -4  -6       0      213
   3461    SCT*      177.110001      1.00       3   4   6       1      322
  -3461    ASCT*     177.110001     -1.00      -3  -4  -6       1      322
   3500    SB0.        5.500000     -0.67       3   5   0       0      377
  -3500    ASB0.       5.500000      0.67      -3  -5   0       0      377
   3550    SBB.       10.470000     -1.00       3   5   5       0      195
  -3550    ASBB.      10.470000      1.00      -3  -5  -5       0      195
   3551    SBB*       10.510000     -1.00       3   5   5       1      304
  -3551    ASBB*      10.510000      1.00      -3  -5  -5       1      304
   3560    SBT.      180.470001      0.00       3   5   6       0      220
  -3560    ASBT.     180.470001      0.00      -3  -5  -6       0      220
   3561    SBT*      180.509995      0.00       3   5   6       1      329
  -3561    ASBT*     180.509995      0.00      -3  -5  -6       1      329
   3600    ST0.      175.500000      0.33       3   6   0       0      382
  -3600    AST0.     175.500000     -0.33      -3  -6   0       0      382
   3660    STT.      350.470001      1.00       3   6   6       0      229
  -3660    ASTT.     350.470001     -1.00      -3  -6  -6       0      229
   3661    STT*      350.510010      1.00       3   6   6       1      338
  -3661    ASTT*     350.510010     -1.00      -3  -6  -6       1      338
   4150    CUB.        6.870000      1.00       4   1   5       0      192
  -4150    ACUB.       6.870000     -1.00      -4  -1  -5       0      192
   4160    CUT.      176.870010      2.00       4   1   6       0      217
  -4160    ACUT.     176.870010     -2.00      -4  -1  -6       0      217
   4250    CDB.        6.870000      0.00       4   2   5       0      191
  -4250    ACDB.       6.870000      0.00      -4  -2  -5       0      191
   4260    CDT.      176.870010      1.00       4   2   6       0      216
  -4260    ACDT.     176.870010     -1.00      -4  -2  -6       0      216
   4350    CSB.        7.070000      0.00       4   3   5       0      190
  -4350    ACSB.       7.070000      0.00      -4  -3  -5       0      190
   4360    CST.      177.070007      1.00       4   3   6       0      215
  -4360    ACST.     177.070007     -1.00      -4  -3  -6       0      215
   4400    CC0.        3.200000      1.33       4   4   0       0      374
  -4400    ACC0.       3.200000     -1.33      -4  -4   0       0      374
   4441    CCC*        4.800000      2.00       4   4   4       1      282
  -4441    ACCC*       4.800000     -2.00      -4  -4  -4       1      282
   4450    CCB.        8.170000      1.00       4   4   5       0      189
  -4450    ACCB.       8.170000     -1.00      -4  -4  -5       0      189
   4451    CCB*        8.210000      1.00       4   4   5       1      298
  -4451    ACCB*       8.210000     -1.00      -4  -4  -5       1      298
   4460    CCT.      178.170013      2.00       4   4   6       0      214
  -4460    ACCT.     178.170013     -2.00      -4  -4  -6       0      214
   4461    CCT*      178.210007      2.00       4   4   6       1      323
  -4461    ACCT*     178.210007     -2.00      -4  -4  -6       1      323
   4500    CB0.        6.600000      0.33       4   5   0       0      378
  -4500    ACB0.       6.600000     -0.33      -4  -5   0       0      378
   4550    CBB.       11.570001      0.00       4   5   5       0      196
  -4550    ACBB.      11.570001      0.00      -4  -5  -5       0      196
   4551    CBB*       11.610001      0.00       4   5   5       1      305
  -4551    ACBB*      11.610001      0.00      -4  -5  -5       1      305
   4560    CBT.      181.570007      1.00       4   5   6       0      221
  -4560    ACBT.     181.570007     -1.00      -4  -5  -6       0      221
   4561    CBT*      181.610001      1.00       4   5   6       1      330
  -4561    ACBT*     181.610001     -1.00      -4  -5  -6       1      330
   4600    CT0.      176.600006      1.33       4   6   0       0      383
  -4600    ACT0.     176.600006     -1.33      -4  -6   0       0      383
   4660    CTT.      351.570007      2.00       4   6   6       0      230
  -4660    ACTT.     351.570007     -2.00      -4  -6  -6       0      230
   4661    CTT*      351.610016      2.00       4   6   6       1      339
  -4661    ACTT*     351.610016     -2.00      -4  -6  -6       1      339
   5160    BUT.      180.270004      1.00       5   1   6       0      226
  -5160    ABUT.     180.270004     -1.00      -5  -1  -6       0      226
   5260    BDT.      180.270004      0.00       5   2   6       0      225
  -5260    ABDT.     180.270004      0.00      -5  -2  -6       0      225
   5360    BST.      180.470001      0.00       5   3   6       0      224
  -5360    ABST.     180.470001      0.00      -5  -3  -6       0      224
   5460    BCT.      181.570007      1.00       5   4   6       0      223
  -5460    ABCT.     181.570007     -1.00      -5  -4  -6       0      223
   5500    BB0.       10.000000     -0.67       5   5   0       0      379
  -5500    ABB0.      10.000000      0.67      -5  -5   0       0      379
   5551    BBB*       15.010000     -1.00       5   5   5       1      306
  -5551    ABBB*      15.010000      1.00      -5  -5  -5       1      306
   5560    BBT.      184.970001      0.00       5   5   6       0      222
  -5560    ABBT.     184.970001      0.00      -5  -5  -6       0      222
   5561    BBT*      185.009995      0.00       5   5   6       1      331
  -5561    ABBT*     185.009995      0.00      -5  -5  -6       1      331
   5600    BT0.      180.000000      0.33       5   6   0       0      384
  -5600    ABT0.     180.000000     -0.33      -5  -6   0       0      384
   5660    BTT.      354.970001      1.00       5   6   6       0      231
  -5660    ABTT.     354.970001     -1.00      -5  -6  -6       0      231
   5661    BTT*      355.010010      1.00       5   6   6       1      340
  -5661    ABTT*     355.010010     -1.00      -5  -6  -6       1      340
   6600    TT0.      350.000000      1.33       6   6   0       0      385
  -6600    ATT0.     350.000000     -1.33      -6  -6   0       0      385
   6661    TTT*      525.010010      2.00       6   6   6       1      341
  -6661    ATTT*     525.010010     -2.00      -6  -6  -6       1      341
  10016    TAUL-       1.777000     -0.67       0   0  -1       6      415
 -10016    TAUL+       1.777000      0.67       0   0   1       6      415
  10110    F0          1.000000      0.00       0   1  -1       0      409
  10111    A10         1.230000      0.00       0   1  -1       1      402
  10121    A1+         1.230000      1.00       0   1  -2       1      401
 -10121    A1-         1.230000     -1.00       0  -1   2       1      401
  10131    K1+         1.273000      1.00       0   1  -3       1      403
 -10131    K1-         1.273000     -1.00       0  -1   3       1      403
  10231    K10         1.273000      0.00       0   2  -3       1      404
 -10231    AK10        1.273000      0.00       0  -2   3       1      404
  10441    PSI2        3.686000      0.00       0   4  -4       1      411
  20016    TAUR-       1.777000     -0.67       0   0  -1       6      416
 -20016    TAUR+       1.777000      0.67       0   0   1       6      416
  20440    CHI0        3.415100      0.00       0   4  -4       0      412
  20441    CHI1        3.510530      0.00       0   4  -4       1      413
  20442    CHI2        3.566170      0.00       0   4  -4       2      414
  30131    K1*+        1.412000      1.00       0   1  -3       1      405
 -30131    K1*-        1.412000     -1.00       0  -1   3       1      405
  30231    K1*0        1.412000      0.00       0   2  -3       1      406
 -30231    AK1*0       1.412000      0.00       0  -2   3       1      406
